13 14 1
13 15 2
13 14 3
13 15 4
13 14 5
13 15 6
13 14 7
13 15 8
13 14 9
13 15 10
13 14 11
13 15 12
13 14 13
13 15 14
13 14 15
13 15 16
13 14 17
13 15 18
13 14 19
13 15 20
13 14 21
13 15 22
13 14 23
13 15 24
13 14 25
13 15 26
13 14 27
13 15 28
13 14 29
13 15 30
13 14 31
13 15 32
13 14 33
13 15 34
13 14 35
13 15 36
13 14 37
13 15 38
13 14 39
13 15 40
13 14 41
13 15 42
13 14 43
13 15 44
13 14 45
13 15 46
13 14 47
13 15 48
13 14 49
13 15 50
13 14 51
13 15 52
13 14 53
13 15 54
13 14 55
13 15 56
13 14 57
13 15 58
13 14 59
13 15 60
13 14 61
13 15 62
13 14 63
13 15 64
13 14 65
13 15 66
13 14 67
13 15 68
13 14 69
13 15 70
13 14 71
13 15 72
13 14 73
13 15 74
13 14 75
13 15 76
13 14 77
13 15 78
13 14 79
13 15 80
13 14 81
13 15 82
13 14 83
13 15 84
13 14 85
13 15 86
13 14 87
13 15 88
13 14 89
13 15 90
13 14 91
13 15 92
13 14 93
13 15 94
13 14 95
13 15 96
13 14 97
13 15 98
13 14 99
13 15 100
13 14 101
13 15 102
13 14 103
13 15 104
13 14 105
13 15 106
13 14 107
13 15 108
13 14 109
13 15 110
13 14 111
13 15 112
13 14 113
13 15 114
13 14 115
13 15 116
13 14 117
13 15 118
13 14 119
13 15 120
13 14 121
13 15 122
13 14 123
13 15 124
13 14 125
13 15 126
13 14 127
13 15 128
13 14 129
13 15 130
13 14 131
13 15 132
13 14 133
13 15 134
13 14 135
13 15 136
13 14 137
13 15 138
13 14 139
13 15 140
13 14 141
13 15 142
13 14 143
13 15 144
13 14 145
13 15 146
13 14 147
13 15 148
13 14 149
13 15 150
13 14 151
13 15 152
13 14 153
13 15 154
13 14 155
13 15 156
13 14 157
13 15 158
13 14 159
13 15 160
13 14 161
13 15 162
13 14 163
13 15 164
13 14 165
13 15 166
13 14 167
13 15 168
13 14 169
13 15 170
13 14 171
13 15 172
13 14 173
13 15 174
13 14 175
13 15 176
13 14 177
13 15 178
13 14 179
13 15 180
13 14 181
13 15 182
13 14 183
13 15 184
13 14 185
13 15 186
13 14 187
13 15 188
13 14 189
13 15 190
13 14 191
13 15 192
13 14 193
13 15 194
13 14 195
13 15 196
13 14 197
13 15 198
13 14 199
13 15 200
13 14 201
13 15 202
13 14 203
13 15 204
13 14 205
13 15 206
13 14 207
13 15 208
13 14 209
13 15 210
13 14 211
13 15 212
13 14 213
13 15 214
13 14 215
13 15 216
13 14 217
13 15 218
13 14 219
13 15 220
13 14 221
13 15 222
13 14 223
13 15 224
13 14 225
13 15 226
13 14 227
13 15 228
13 14 229
13 15 230
13 14 231
13 15 232
13 14 233
13 15 234
13 14 235
13 15 236
13 14 237
13 15 238
13 14 239
13 15 240
13 14 241
13 15 242
13 14 243
13 15 244
13 14 245
13 15 246
13 14 247
13 15 248
13 14 249
13 15 250
13 14 251
13 15 252
13 14 253
13 15 254
13 14 255
13 15 256
13 14 257
13 15 258
13 14 259
13 15 260
13 14 261
13 15 262
13 14 263
13 15 264
13 14 265
13 15 266
13 14 267
13 15 268
13 14 269
13 15 270
13 14 271
13 15 272
13 14 273
13 15 274
13 14 275
13 15 276
13 14 277
13 15 278
13 14 279
13 15 280
13 14 281
13 15 282
13 14 283
13 15 284
13 14 285
13 15 286
13 14 287
13 15 288
13 14 289
13 15 290
13 14 291
13 15 292
13 14 293
13 15 294
13 14 295
13 15 296
13 14 297
13 15 298
13 14 299
13 15 300
13 14 301
13 15 302
13 14 303
13 15 304
13 14 305
13 15 306
13 14 307
13 15 308
13 14 309
13 15 310
13 14 311
13 15 312
13 14 313
13 15 314
13 14 315
13 15 316
13 14 317
13 15 318
13 14 319
13 15 320
13 14 321
13 15 322
13 14 323
13 15 324
13 14 325
13 15 326
13 14 327
13 15 328
