4 6 1
5 6 1
4 7 2
5 7 2
4 6 3
5 6 3
4 7 4
5 7 4
4 6 5
5 6 5
4 7 6
5 7 6
4 6 7
5 6 7
4 7 8
5 7 8
4 6 9
5 6 9
4 7 10
5 7 10
4 6 11
5 6 11
4 7 12
5 7 12
4 6 13
5 6 13
4 7 14
5 7 14
4 6 15
5 6 15
4 7 16
5 7 16
4 6 17
5 6 17
4 7 18
5 7 18
4 6 19
5 6 19
4 7 20
5 7 20
4 6 21
5 6 21
4 7 22
5 7 22
4 6 23
5 6 23
4 7 24
5 7 24
4 6 25
5 6 25
4 7 26
5 7 26
4 6 27
5 6 27
4 7 28
5 7 28
4 6 29
5 6 29
4 7 30
5 7 30
4 6 31
5 6 31
4 7 32
5 7 32
4 6 33
5 6 33
4 7 34
5 7 34
4 6 35
5 6 35
4 7 36
5 7 36
4 6 37
5 6 37
4 7 38
5 7 38
4 6 39
5 6 39
4 7 40
5 7 40
4 6 41
5 6 41
4 7 42
5 7 42
4 6 43
5 6 43
4 7 44
5 7 44
4 6 45
5 6 45
4 7 46
5 7 46
4 6 47
5 6 47
4 7 48
5 7 48
4 6 49
5 6 49
4 7 50
5 7 50
4 6 51
5 6 51
4 7 52
5 7 52
4 6 53
5 6 53
4 7 54
5 7 54
4 6 55
5 6 55
4 7 56
5 7 56
4 6 57
5 6 57
4 7 58
5 7 58
4 6 59
5 6 59
4 7 60
5 7 60
4 6 61
5 6 61
4 7 62
5 7 62
4 6 63
5 6 63
4 7 64
5 7 64
4 6 65
5 6 65
4 7 66
5 7 66
4 6 67
5 6 67
4 7 68
5 7 68
4 6 69
5 6 69
4 7 70
5 7 70
4 6 71
5 6 71
4 7 72
5 7 72
4 6 73
5 6 73
4 7 74
5 7 74
4 6 75
5 6 75
4 7 76
5 7 76
4 6 77
5 6 77
4 7 78
5 7 78
4 6 79
5 6 79
4 7 80
5 7 80
4 6 81
5 6 81
4 7 82
5 7 82
4 6 83
5 6 83
4 7 84
5 7 84
4 6 85
5 6 85
4 7 86
5 7 86
4 6 87
5 6 87
4 7 88
5 7 88
4 6 89
5 6 89
4 7 90
5 7 90
4 6 91
5 6 91
4 7 92
5 7 92
4 6 93
5 6 93
4 7 94
5 7 94
4 6 95
5 6 95
4 7 96
5 7 96
4 6 97
5 6 97
4 7 98
5 7 98
4 6 99
5 6 99
4 7 100
5 7 100
4 6 101
5 6 101
4 7 102
5 7 102
4 6 103
5 6 103
4 7 104
5 7 104
4 6 105
5 6 105
4 7 106
5 7 106
4 6 107
5 6 107
4 7 108
5 7 108
4 6 109
5 6 109
4 7 110
5 7 110
4 6 111
5 6 111
4 7 112
5 7 112
4 6 113
5 6 113
4 7 114
5 7 114
4 6 115
5 6 115
4 7 116
5 7 116
4 6 117
5 6 117
4 7 118
5 7 118
4 6 119
5 6 119
4 7 120
5 7 120
4 6 121
5 6 121
4 7 122
5 7 122
4 6 123
5 6 123
4 7 124
5 7 124
4 6 125
5 6 125
4 7 126
5 7 126
4 6 127
5 6 127
4 7 128
5 7 128
4 6 129
5 6 129
4 7 130
5 7 130
4 6 131
5 6 131
4 7 132
5 7 132
4 6 133
5 6 133
4 7 134
5 7 134
4 6 135
5 6 135
4 7 136
5 7 136
4 6 137
5 6 137
4 7 138
5 7 138
4 6 139
5 6 139
4 7 140
5 7 140
4 6 141
5 6 141
4 7 142
5 7 142
4 6 143
5 6 143
4 7 144
5 7 144
4 6 145
5 6 145
4 7 146
5 7 146
4 6 147
5 6 147
4 7 148
5 7 148
4 6 149
5 6 149
4 7 150
5 7 150
4 6 151
5 6 151
4 7 152
5 7 152
4 6 153
5 6 153
4 7 154
5 7 154
4 6 155
5 6 155
4 7 156
5 7 156
4 6 157
5 6 157
4 7 158
5 7 158
4 6 159
5 6 159
4 7 160
5 7 160
4 6 161
5 6 161
4 7 162
5 7 162
4 6 163
5 6 163
4 7 164
5 7 164
