6 8 1
7 8 1
6 8 2
7 8 2
6 8 3
7 8 3
6 8 4
7 8 4
6 8 5
7 8 5
6 8 6
7 8 6
6 8 7
7 8 7
6 8 8
7 8 8
6 8 9
7 8 9
6 8 10
7 8 10
6 8 11
7 8 11
6 8 12
7 8 12
6 8 13
7 8 13
6 8 14
7 8 14
6 8 15
7 8 15
6 8 16
7 8 16
6 8 17
7 8 17
6 8 18
7 8 18
6 8 19
7 8 19
6 8 20
7 8 20
6 8 21
7 8 21
6 8 22
7 8 22
6 8 23
7 8 23
6 8 24
7 8 24
6 8 25
7 8 25
6 8 26
7 8 26
6 8 27
7 8 27
6 8 28
7 8 28
6 8 29
7 8 29
6 8 30
7 8 30
6 8 31
7 8 31
6 8 32
7 8 32
6 8 33
7 8 33
6 8 34
7 8 34
6 8 35
7 8 35
6 8 36
7 8 36
6 8 37
7 8 37
6 8 38
7 8 38
6 8 39
7 8 39
6 8 40
7 8 40
6 8 41
7 8 41
6 8 42
7 8 42
6 8 43
7 8 43
6 8 44
7 8 44
6 8 45
7 8 45
6 8 46
7 8 46
6 8 47
7 8 47
6 8 48
7 8 48
6 8 49
7 8 49
6 8 50
7 8 50
6 8 51
7 8 51
6 8 52
7 8 52
6 8 53
7 8 53
6 8 54
7 8 54
6 8 55
7 8 55
6 8 56
7 8 56
6 8 57
7 8 57
6 8 58
7 8 58
6 8 59
7 8 59
6 8 60
7 8 60
6 8 61
7 8 61
6 8 62
7 8 62
6 8 63
7 8 63
6 8 64
7 8 64
6 8 65
7 8 65
6 8 66
7 8 66
6 8 67
7 8 67
6 8 68
7 8 68
6 8 69
7 8 69
6 8 70
7 8 70
6 8 71
7 8 71
6 8 72
7 8 72
6 8 73
7 8 73
6 8 74
7 8 74
6 8 75
7 8 75
6 8 76
7 8 76
6 8 77
7 8 77
6 8 78
7 8 78
6 8 79
7 8 79
6 8 80
7 8 80
6 8 81
7 8 81
6 8 82
7 8 82
