2 4 1
3 4 1
2 5 2
3 5 2
2 4 3
3 4 3
2 5 4
3 5 4
2 4 5
3 4 5
2 5 6
3 5 6
2 4 7
3 4 7
2 5 8
3 5 8
2 4 9
3 4 9
2 5 10
3 5 10
2 4 11
3 4 11
2 5 12
3 5 12
2 4 13
3 4 13
2 5 14
3 5 14
2 4 15
3 4 15
2 5 16
3 5 16
2 4 17
3 4 17
2 5 18
3 5 18
2 4 19
3 4 19
2 5 20
3 5 20
2 4 21
3 4 21
2 5 22
3 5 22
2 4 23
3 4 23
2 5 24
3 5 24
2 4 25
3 4 25
2 5 26
3 5 26
2 4 27
3 4 27
2 5 28
3 5 28
2 4 29
3 4 29
2 5 30
3 5 30
2 4 31
3 4 31
2 5 32
3 5 32
2 4 33
3 4 33
2 5 34
3 5 34
2 4 35
3 4 35
2 5 36
3 5 36
2 4 37
3 4 37
2 5 38
3 5 38
2 4 39
3 4 39
2 5 40
3 5 40
2 4 41
3 4 41
2 5 42
3 5 42
2 4 43
3 4 43
2 5 44
3 5 44
2 4 45
3 4 45
2 5 46
3 5 46
2 4 47
3 4 47
2 5 48
3 5 48
2 4 49
3 4 49
2 5 50
3 5 50
2 4 51
3 4 51
2 5 52
3 5 52
2 4 53
3 4 53
2 5 54
3 5 54
2 4 55
3 4 55
2 5 56
3 5 56
2 4 57
3 4 57
2 5 58
3 5 58
2 4 59
3 4 59
2 5 60
3 5 60
2 4 61
3 4 61
2 5 62
3 5 62
2 4 63
3 4 63
2 5 64
3 5 64
2 4 65
3 4 65
2 5 66
3 5 66
2 4 67
3 4 67
2 5 68
3 5 68
2 4 69
3 4 69
2 5 70
3 5 70
2 4 71
3 4 71
2 5 72
3 5 72
2 4 73
3 4 73
2 5 74
3 5 74
2 4 75
3 4 75
2 5 76
3 5 76
2 4 77
3 4 77
2 5 78
3 5 78
2 4 79
3 4 79
2 5 80
3 5 80
2 4 81
3 4 81
2 5 82
3 5 82
2 4 83
3 4 83
2 5 84
3 5 84
2 4 85
3 4 85
2 5 86
3 5 86
2 4 87
3 4 87
2 5 88
3 5 88
2 4 89
3 4 89
2 5 90
3 5 90
2 4 91
3 4 91
2 5 92
3 5 92
2 4 93
3 4 93
2 5 94
3 5 94
2 4 95
3 4 95
2 5 96
3 5 96
2 4 97
3 4 97
2 5 98
3 5 98
2 4 99
3 4 99
2 5 100
3 5 100
2 4 101
3 4 101
2 5 102
3 5 102
2 4 103
3 4 103
2 5 104
3 5 104
2 4 105
3 4 105
2 5 106
3 5 106
2 4 107
3 4 107
2 5 108
3 5 108
2 4 109
3 4 109
2 5 110
3 5 110
2 4 111
3 4 111
2 5 112
3 5 112
2 4 113
3 4 113
2 5 114
3 5 114
2 4 115
3 4 115
2 5 116
3 5 116
2 4 117
3 4 117
2 5 118
3 5 118
2 4 119
3 4 119
2 5 120
3 5 120
2 4 121
3 4 121
2 5 122
3 5 122
2 4 123
3 4 123
2 5 124
3 5 124
2 4 125
3 4 125
2 5 126
3 5 126
2 4 127
3 4 127
2 5 128
3 5 128
2 4 129
3 4 129
2 5 130
3 5 130
2 4 131
3 4 131
2 5 132
3 5 132
2 4 133
3 4 133
2 5 134
3 5 134
2 4 135
3 4 135
2 5 136
3 5 136
2 4 137
3 4 137
2 5 138
3 5 138
2 4 139
3 4 139
2 5 140
3 5 140
2 4 141
3 4 141
2 5 142
3 5 142
2 4 143
3 4 143
2 5 144
3 5 144
2 4 145
3 4 145
2 5 146
3 5 146
2 4 147
3 4 147
2 5 148
3 5 148
2 4 149
3 4 149
2 5 150
3 5 150
2 4 151
3 4 151
2 5 152
3 5 152
2 4 153
3 4 153
2 5 154
3 5 154
2 4 155
3 4 155
2 5 156
3 5 156
2 4 157
3 4 157
2 5 158
3 5 158
2 4 159
3 4 159
2 5 160
3 5 160
2 4 161
3 4 161
2 5 162
3 5 162
2 4 163
3 4 163
2 5 164
3 5 164
