0 2 1
1 2 1
0 3 2
1 3 2
0 2 3
1 2 3
0 3 4
1 3 4
0 2 5
1 2 5
0 3 6
1 3 6
0 2 7
1 2 7
0 3 8
1 3 8
0 2 9
1 2 9
0 3 10
1 3 10
0 2 11
1 2 11
0 3 12
1 3 12
0 2 13
1 2 13
0 3 14
1 3 14
0 2 15
1 2 15
0 3 16
1 3 16
0 2 17
1 2 17
0 3 18
1 3 18
0 2 19
1 2 19
0 3 20
1 3 20
0 2 21
1 2 21
0 3 22
1 3 22
0 2 23
1 2 23
0 3 24
1 3 24
0 2 25
1 2 25
0 3 26
1 3 26
0 2 27
1 2 27
0 3 28
1 3 28
0 2 29
1 2 29
0 3 30
1 3 30
0 2 31
1 2 31
0 3 32
1 3 32
0 2 33
1 2 33
0 3 34
1 3 34
0 2 35
1 2 35
0 3 36
1 3 36
0 2 37
1 2 37
0 3 38
1 3 38
0 2 39
1 2 39
0 3 40
1 3 40
0 2 41
1 2 41
0 3 42
1 3 42
0 2 43
1 2 43
0 3 44
1 3 44
0 2 45
1 2 45
0 3 46
1 3 46
0 2 47
1 2 47
0 3 48
1 3 48
0 2 49
1 2 49
0 3 50
1 3 50
0 2 51
1 2 51
0 3 52
1 3 52
0 2 53
1 2 53
0 3 54
1 3 54
0 2 55
1 2 55
0 3 56
1 3 56
0 2 57
1 2 57
0 3 58
1 3 58
0 2 59
1 2 59
0 3 60
1 3 60
0 2 61
1 2 61
0 3 62
1 3 62
0 2 63
1 2 63
0 3 64
1 3 64
0 2 65
1 2 65
0 3 66
1 3 66
0 2 67
1 2 67
0 3 68
1 3 68
0 2 69
1 2 69
0 3 70
1 3 70
0 2 71
1 2 71
0 3 72
1 3 72
0 2 73
1 2 73
0 3 74
1 3 74
0 2 75
1 2 75
0 3 76
1 3 76
0 2 77
1 2 77
0 3 78
1 3 78
0 2 79
1 2 79
0 3 80
1 3 80
0 2 81
1 2 81
0 3 82
1 3 82
0 2 83
1 2 83
0 3 84
1 3 84
0 2 85
1 2 85
0 3 86
1 3 86
0 2 87
1 2 87
0 3 88
1 3 88
0 2 89
1 2 89
0 3 90
1 3 90
0 2 91
1 2 91
0 3 92
1 3 92
0 2 93
1 2 93
0 3 94
1 3 94
0 2 95
1 2 95
0 3 96
1 3 96
0 2 97
1 2 97
0 3 98
1 3 98
0 2 99
1 2 99
0 3 100
1 3 100
0 2 101
1 2 101
0 3 102
1 3 102
0 2 103
1 2 103
0 3 104
1 3 104
0 2 105
1 2 105
0 3 106
1 3 106
0 2 107
1 2 107
0 3 108
1 3 108
0 2 109
1 2 109
0 3 110
1 3 110
0 2 111
1 2 111
0 3 112
1 3 112
0 2 113
1 2 113
0 3 114
1 3 114
0 2 115
1 2 115
0 3 116
1 3 116
0 2 117
1 2 117
0 3 118
1 3 118
0 2 119
1 2 119
0 3 120
1 3 120
0 2 121
1 2 121
0 3 122
1 3 122
0 2 123
1 2 123
0 3 124
1 3 124
0 2 125
1 2 125
0 3 126
1 3 126
0 2 127
1 2 127
0 3 128
1 3 128
0 2 129
1 2 129
0 3 130
1 3 130
0 2 131
1 2 131
0 3 132
1 3 132
0 2 133
1 2 133
0 3 134
1 3 134
0 2 135
1 2 135
0 3 136
1 3 136
0 2 137
1 2 137
0 3 138
1 3 138
0 2 139
1 2 139
0 3 140
1 3 140
0 2 141
1 2 141
0 3 142
1 3 142
0 2 143
1 2 143
0 3 144
1 3 144
0 2 145
1 2 145
0 3 146
1 3 146
0 2 147
1 2 147
0 3 148
1 3 148
0 2 149
1 2 149
0 3 150
1 3 150
0 2 151
1 2 151
0 3 152
1 3 152
0 2 153
1 2 153
0 3 154
1 3 154
0 2 155
1 2 155
0 3 156
1 3 156
0 2 157
1 2 157
0 3 158
1 3 158
0 2 159
1 2 159
0 3 160
1 3 160
0 2 161
1 2 161
0 3 162
1 3 162
0 2 163
1 2 163
0 3 164
1 3 164
